
---------------------

Square Optimisation 2 parameters (best 1000) 

---------------------

Correct Values : 250 600 0 
-1709280.000000 -1117255.000000 -1090855.000000 -963295.000000 -809530.000000 -796245.000000 -761370.000000 -759445.000000 -216730.000000 -209925.000000 -203230.000000 -197325.000000 -196980.000000 -190495.000000 -184780.000000 -179500.000000 -176175.000000 -173550.000000 -24430.000000 -24175.000000 -21550.000000 -21455.000000 -21370.000000 -19320.000000 -17370.000000 -17295.000000 -15605.000000 -15445.000000 -13695.000000 -12045.000000 -11925.000000 -10430.000000 -10375.000000 -8925.000000 -7530.000000 -6325.000000 -6280.000000 -880.000000 -330.000000 -295.000000 -270.000000 155.000000 505.000000 755.000000 930.000000 950.000000 1000.000000 
Genetic Algorithm 
    Square of Distance to best individual : 0 
    Best top : 1000.000000
    Nb Simulated : 30570
   0 = 250.000000(0,10000,1) 1 = 600.000000(0,10000,1) 

---------------------

Square Optimisation 4 parameters (best 1000)

---------------------

Correct Values : 250 600 200 8000 0 
-357947490.000000 -38604540.000000 -38505940.000000 -10410855.000000 -10373305.000000 -10366880.000000 -10337455.000000 -4686855.000000 -4669855.000000 -4653255.000000 -3783590.000000 -3766990.000000 -3750790.000000 -3739925.000000 -3728980.000000 -3724125.000000 -3718135.000000 -2653030.000000 -2595655.000000 -2557245.000000 -2551255.000000 -1567430.000000 -1465655.000000 -682420.000000 -565245.000000 -557505.000000 -541935.000000 -527905.000000 -513280.000000 -292905.000000 -278305.000000 -249880.000000 -249230.000000 -247695.000000 -233745.000000 -233340.000000 -232705.000000 -219495.000000 -218850.000000 -205760.000000 -193165.000000 -180765.000000 -169365.000000 -158215.000000 -147095.000000 -136945.000000 -136445.000000 -126695.000000 -122215.000000 -122165.000000 -112335.000000 -112090.000000 -103090.000000 -102680.000000 -94030.000000 -93405.000000 -85645.000000 -77455.000000 -77085.000000 -76810.000000 -69460.000000 -69040.000000 -62605.000000 -61690.000000 -61310.000000 -54710.000000 -54205.000000 -48180.000000 -42895.000000 -42710.000000 -41895.000000 -36495.000000 -36110.000000 -36040.000000 -35615.000000 -30615.000000 -25920.000000 -21970.000000 -21720.000000 -21420.000000 -21285.000000 -17255.000000 -16920.000000 -13780.000000 -13730.000000 -13520.000000 -10645.000000 -10160.000000 -7805.000000 -5500.000000 -5360.000000 -5245.000000 -5140.000000 -4855.000000 -3095.000000 -1695.000000 -1610.000000 -610.000000 35.000000 120.000000 305.000000 520.000000 660.000000 715.000000 830.000000 880.000000 945.000000 980.000000 995.000000 1000.000000 
Genetic Algorithm 
    Square of Distance to best individual : 0 
    Best top : 1000.000000
    Nb Simulated : 39174
   0 = 250.000000(0,10000,1) 1 = 600.000000(0,10000,1) 2 = 200.000000(0,10000,1) 3 = 8000.000000(0,10000,1) 

---------------------

Inv Optimisation 4 parameters (best 400)

---------------------

Correct Values : 3300 1600 1200 8000 
77.000000 79.000000 85.000000 87.000000 89.000000 92.000000 95.000000 102.000000 104.000000 116.000000 155.000000 192.000000 230.000000 240.000000 243.000000 250.000000 262.000000 300.000000 325.000000 
Genetic Algorithm 
    Square of Distance to best individual : 108004 
    Best top : 325.000000
    Nb Simulated : 31246
   0 = 3551.000000(0,10000,1) 1 = 1599.000000(0,10000,1) 2 = 1051.000000(0,10000,1) 3 = 8151.000000(0,10000,1) 

---------------------

Fuji Optimisation 4 parameters (best 1000) 

---------------------

Correct Values : 5000 5000 5000 5000 
0.000269 0.000331 0.000421 0.000432 0.000504 0.000605 0.000629 0.000658 0.000822 0.000858 0.000876 0.001193 0.001248 0.001919 0.001926 0.002004 0.002447 0.004259 0.008518 0.009171 0.009251 0.009452 0.009579 0.009662 0.010401 0.010735 0.011367 0.011625 0.011727 0.012750 0.012863 0.013600 0.014047 0.015229 0.016103 0.016244 0.016388 0.018222 0.019800 0.025720 0.026082 0.030525 0.030955 0.031423 0.034041 0.036075 0.036583 0.038197 0.042017 0.044014 0.048100 0.054253 0.062739 0.075483 0.079064 0.085778 0.098039 0.101420 0.126775 0.158128 0.169033 0.171556 0.174155 0.180375 0.276396 0.574053 0.582751 0.591716 0.625000 0.641026 0.672043 0.712758 0.733138 0.745156 0.757576 0.780640 0.833333 0.877193 0.925926 0.941620 0.957854 0.997009 1.014199 1.059322 1.116071 1.136364 1.388889 1.515152 1.623377 1.661130 3.174603 3.322259 3.875969 3.968254 4.761905 5.952381 7.751938 7.936508 8.130081 8.333333 12.500000 23.809524 25.000000 25.641026 26.315789 27.027027 27.777778 28.571429 29.411765 30.303030 31.250000 32.258065 33.333333 34.482759 35.714286 37.037037 38.461538 40.000000 41.666667 43.478261 45.454545 47.619048 50.000000 52.631579 55.555556 58.823529 62.500000 66.666667 71.428571 76.923077 83.333333 90.909091 100.000000 111.111111 125.000000 142.857143 166.666667 200.000000 250.000000 333.333333 500.000000 1000.000000 
Genetic Algorithm 
    Square of Distance to best individual : 3 
    Best top : 1000.000000
    Nb Simulated : 47485
   0 = 4999.000000(0,10000,1) 1 = 5000.000000(0,10000,1) 2 = 4999.000000(0,10000,1) 3 = 5001.000000(0,10000,1) 

---------------------

Inv Optimisation with 24 parameters (best 2400)

---------------------

Correct Values : 3300 1600 1200 8000 3300 1600 1200 8000 3300 1600 1200 8000 3300 1600 1200 8000 3300 1600 1200 8000 3300 1600 1200 8000 
58.000000 148.000000 159.000000 178.000000 190.000000 217.000000 293.000000 331.000000 346.000000 350.000000 357.000000 359.000000 365.000000 366.000000 375.000000 389.000000 427.000000 428.000000 430.000000 431.000000 436.000000 440.000000 443.000000 445.000000 452.000000 457.000000 491.000000 517.000000 527.000000 598.000000 611.000000 619.000000 636.000000 687.000000 691.000000 694.000000 698.000000 710.000000 713.000000 714.000000 754.000000 756.000000 765.000000 771.000000 774.000000 778.000000 783.000000 798.000000 810.000000 815.000000 865.000000 915.000000 934.000000 941.000000 953.000000 991.000000 996.000000 1072.000000 1077.000000 1079.000000 1082.000000 1085.000000 1092.000000 1104.000000 1142.000000 1144.000000 1145.000000 1166.000000 1242.000000 1243.000000 1280.000000 1318.000000 1319.000000 1321.000000 1325.000000 1330.000000 1332.000000 1344.000000 1346.000000 1350.000000 1355.000000 1363.000000 1380.000000 1430.000000 1505.000000 1507.000000 1511.000000 1513.000000 1515.000000 1518.000000 1521.000000 1561.000000 1564.000000 1571.000000 1583.000000 1633.000000 1671.000000 1696.000000 
Genetic Algorithm 
    Square of Distance to best individual : 528812 
    Best top : 1696.000000
    Nb Simulated : 86652
   0 = 3049.000000(0,10000,1) 1 = 1401.000000(0,10000,1) 2 = 1049.000000(0,10000,1) 3 = 8121.000000(0,10000,1) 4 = 3300.000000(0,10000,1) 5 = 1600.000000(0,10000,1) 6 = 1349.000000(0,10000,1) 7 = 7801.000000(0,10000,1) 8 = 3300.000000(0,10000,1) 9 = 1751.000000(0,10000,1) 10 = 1349.000000(0,10000,1) 11 = 7999.000000(0,10000,1) 12 = 3001.000000(0,10000,1) 13 = 1601.000000(0,10000,1) 14 = 1351.000000(0,10000,1) 15 = 8149.000000(0,10000,1) 16 = 3550.000000(0,10000,1) 17 = 1599.000000(0,10000,1) 18 = 1074.000000(0,10000,1) 19 = 7799.000000(0,10000,1) 20 = 3378.000000(0,10000,1) 21 = 1599.000000(0,10000,1) 22 = 1050.000000(0,10000,1) 23 = 8014.000000(0,10000,1) 
Hello
Starting Genetic Algorithm Optimization
Starting Genetic Algorithm Optimization
Starting Genetic Algorithm Optimization
Starting Genetic Algorithm Optimization
Starting Genetic Algorithm Optimization
